Sifat 011221999 10 20 28 37 10 18 30 35 10 15 18 34 3.15
Atikul 011221998 12 22 29 38 11 19 31 36 11 16 19 35 3.55
Himel 011221997 11 21 27 36 10 17 29 34 10 14 17 33 3.44
Heyder 011221996 13 23 30 39 12 20 32 37 12 17 20 36 3.75
Din 011221995 10 20 26 35 9 16 28 33 9 13 16 32 3.22
Rifat 011221994 12 22 28 37 11 18 30 35 11 15 18 34 3.11
Din 011221993 11 21 27 36 10 17 29 34 10 14 17 33 3.74
Maruf 011221992 13 23 30 39 12 20 32 37 12 17 20 36 4.00
Fahim 011221991 10 20 26 35 9 16 28 33 9 13 16 32 3.66
Rimon 011221990 12 22 28 37 11 18 30 35 11 15 18 34 3.88
Junayet 011221989 11 21 27 36 10 17 29 34 10 14 17 33 3.44
Rishi 011221988 13 23 30 39 12 20 32 37 12 17 20 36 4.00
Jisan 011221987 10 20 26 35 9 16 28 33 9 13 16 32 3.69
Bayzid 011221986 12 22 28 37 11 18 30 35 11 15 18 34 3.80
